2025/02/17-10:43:27.952165 4fe4 RocksDB version: 9.10.0
2025/02/17-10:43:27.952273 4fe4 DB SUMMARY
2025/02/17-10:43:27.952291 4fe4 Host name (Env):  NIRAJPC-9
2025/02/17-10:43:27.952315 4fe4 DB Session ID:  LR95LAEV60SSIDPCWJ3F
2025/02/17-10:43:27.954297 4fe4 CURRENT file:  CURRENT
2025/02/17-10:43:27.954317 4fe4 IDENTITY file:  IDENTITY
2025/02/17-10:43:27.954455 4fe4 MANIFEST file:  MANIFEST-000130 size: 2023 Bytes
2025/02/17-10:43:27.954470 4fe4 SST files in oxigraph_db dir, Total Num: 5, files: 000034.sst 000039.sst 000040.sst 000125.sst 000126.sst 
2025/02/17-10:43:27.954478 4fe4 Write Ahead Log file in oxigraph_db: 000032.log size: 19101 ; 000041.log size: 0 ; 000069.log size: 0 ; 000097.log size: 1632 ; 000129.log size: 0 ; 
2025/02/17-10:43:27.954487 4fe4                         Options.error_if_exists: 0
2025/02/17-10:43:27.954617 4fe4                       Options.create_if_missing: 1
2025/02/17-10:43:27.954621 4fe4                         Options.paranoid_checks: 1
2025/02/17-10:43:27.954624 4fe4             Options.flush_verify_memtable_count: 1
2025/02/17-10:43:27.954630 4fe4          Options.compaction_verify_record_count: 1
2025/02/17-10:43:27.954654 4fe4                               Options.track_and_verify_wals_in_manifest: 0
2025/02/17-10:43:27.954662 4fe4        Options.verify_sst_unique_id_in_manifest: 1
2025/02/17-10:43:27.954665 4fe4                                     Options.env: 0000020A7F6D4DE0
2025/02/17-10:43:27.954671 4fe4                                      Options.fs: WinFS
2025/02/17-10:43:27.954674 4fe4                                Options.info_log: 0000020A7FBA7D50
2025/02/17-10:43:27.954677 4fe4                Options.max_file_opening_threads: 16
2025/02/17-10:43:27.954680 4fe4                              Options.statistics: 0000000000000000
2025/02/17-10:43:27.954684 4fe4                               Options.use_fsync: 0
2025/02/17-10:43:27.954687 4fe4                       Options.max_log_file_size: 1048576
2025/02/17-10:43:27.954691 4fe4                  Options.max_manifest_file_size: 1073741824
2025/02/17-10:43:27.954694 4fe4                   Options.log_file_time_to_roll: 0
2025/02/17-10:43:27.954697 4fe4                       Options.keep_log_file_num: 1000
2025/02/17-10:43:27.954700 4fe4                    Options.recycle_log_file_num: 10
2025/02/17-10:43:27.954703 4fe4                         Options.allow_fallocate: 1
2025/02/17-10:43:27.954707 4fe4                        Options.allow_mmap_reads: 0
2025/02/17-10:43:27.954710 4fe4                       Options.allow_mmap_writes: 0
2025/02/17-10:43:27.954713 4fe4                        Options.use_direct_reads: 0
2025/02/17-10:43:27.954716 4fe4                        Options.use_direct_io_for_flush_and_compaction: 0
2025/02/17-10:43:27.954719 4fe4          Options.create_missing_column_families: 1
2025/02/17-10:43:27.954722 4fe4                              Options.db_log_dir: 
2025/02/17-10:43:27.954726 4fe4                                 Options.wal_dir: 
2025/02/17-10:43:27.954729 4fe4                Options.table_cache_numshardbits: 6
2025/02/17-10:43:27.954732 4fe4                         Options.WAL_ttl_seconds: 0
2025/02/17-10:43:27.954735 4fe4                       Options.WAL_size_limit_MB: 0
2025/02/17-10:43:27.954739 4fe4                        Options.max_write_batch_group_size_bytes: 1048576
2025/02/17-10:43:27.954742 4fe4             Options.manifest_preallocation_size: 4194304
2025/02/17-10:43:27.954745 4fe4                     Options.is_fd_close_on_exec: 1
2025/02/17-10:43:27.954748 4fe4                   Options.advise_random_on_open: 1
2025/02/17-10:43:27.954752 4fe4                    Options.db_write_buffer_size: 0
2025/02/17-10:43:27.954755 4fe4                    Options.write_buffer_manager: 0000020A7F6D5380
2025/02/17-10:43:27.954758 4fe4           Options.random_access_max_buffer_size: 1048576
2025/02/17-10:43:27.954761 4fe4                      Options.use_adaptive_mutex: 0
2025/02/17-10:43:27.954765 4fe4                            Options.rate_limiter: 0000000000000000
2025/02/17-10:43:27.954768 4fe4     Options.sst_file_manager.rate_bytes_per_sec: 0
2025/02/17-10:43:27.954791 4fe4                       Options.wal_recovery_mode: 2
2025/02/17-10:43:27.954796 4fe4                  Options.enable_thread_tracking: 0
2025/02/17-10:43:27.954799 4fe4                  Options.enable_pipelined_write: 0
2025/02/17-10:43:27.954806 4fe4                  Options.unordered_write: 0
2025/02/17-10:43:27.954809 4fe4         Options.allow_concurrent_memtable_write: 1
2025/02/17-10:43:27.954812 4fe4      Options.enable_write_thread_adaptive_yield: 1
2025/02/17-10:43:27.954815 4fe4             Options.write_thread_max_yield_usec: 100
2025/02/17-10:43:27.954818 4fe4            Options.write_thread_slow_yield_usec: 3
2025/02/17-10:43:27.954822 4fe4                               Options.row_cache: None
2025/02/17-10:43:27.954825 4fe4                              Options.wal_filter: None
2025/02/17-10:43:27.954828 4fe4             Options.avoid_flush_during_recovery: 0
2025/02/17-10:43:27.954831 4fe4             Options.allow_ingest_behind: 0
2025/02/17-10:43:27.954834 4fe4             Options.two_write_queues: 0
2025/02/17-10:43:27.954837 4fe4             Options.manual_wal_flush: 0
2025/02/17-10:43:27.954840 4fe4             Options.wal_compression: 0
2025/02/17-10:43:27.954844 4fe4             Options.background_close_inactive_wals: 0
2025/02/17-10:43:27.954847 4fe4             Options.atomic_flush: 0
2025/02/17-10:43:27.954850 4fe4             Options.avoid_unnecessary_blocking_io: 0
2025/02/17-10:43:27.954853 4fe4             Options.prefix_seek_opt_in_only: 0
2025/02/17-10:43:27.954856 4fe4                 Options.persist_stats_to_disk: 0
2025/02/17-10:43:27.954859 4fe4                 Options.write_dbid_to_manifest: 1
2025/02/17-10:43:27.954862 4fe4                 Options.write_identity_file: 1
2025/02/17-10:43:27.954866 4fe4                 Options.log_readahead_size: 0
2025/02/17-10:43:27.954869 4fe4                 Options.file_checksum_gen_factory: Unknown
2025/02/17-10:43:27.954872 4fe4                 Options.best_efforts_recovery: 0
2025/02/17-10:43:27.954876 4fe4                Options.max_bgerror_resume_count: 2147483647
2025/02/17-10:43:27.954879 4fe4            Options.bgerror_resume_retry_interval: 1000000
2025/02/17-10:43:27.954882 4fe4             Options.allow_data_in_errors: 0
2025/02/17-10:43:27.954885 4fe4             Options.db_host_id: __hostname__
2025/02/17-10:43:27.954889 4fe4             Options.enforce_single_del_contracts: true
2025/02/17-10:43:27.954893 4fe4             Options.metadata_write_temperature: kUnknown
2025/02/17-10:43:27.954896 4fe4             Options.wal_write_temperature: kUnknown
2025/02/17-10:43:27.954899 4fe4             Options.max_background_jobs: 8
2025/02/17-10:43:27.954902 4fe4             Options.max_background_compactions: -1
2025/02/17-10:43:27.954906 4fe4             Options.max_subcompactions: 1
2025/02/17-10:43:27.954909 4fe4             Options.avoid_flush_during_shutdown: 0
2025/02/17-10:43:27.954912 4fe4           Options.writable_file_max_buffer_size: 1048576
2025/02/17-10:43:27.954915 4fe4             Options.delayed_write_rate : 16777216
2025/02/17-10:43:27.954918 4fe4             Options.max_total_wal_size: 0
2025/02/17-10:43:27.954922 4fe4             Options.delete_obsolete_files_period_micros: 21600000000
2025/02/17-10:43:27.954925 4fe4                   Options.stats_dump_period_sec: 600
2025/02/17-10:43:27.954928 4fe4                 Options.stats_persist_period_sec: 600
2025/02/17-10:43:27.954931 4fe4                 Options.stats_history_buffer_size: 1048576
2025/02/17-10:43:27.954935 4fe4                          Options.max_open_files: 464
2025/02/17-10:43:27.954938 4fe4                          Options.bytes_per_sync: 0
2025/02/17-10:43:27.954942 4fe4                      Options.wal_bytes_per_sync: 0
2025/02/17-10:43:27.954945 4fe4                   Options.strict_bytes_per_sync: 0
2025/02/17-10:43:27.954948 4fe4       Options.compaction_readahead_size: 2097152
2025/02/17-10:43:27.954951 4fe4                  Options.max_background_flushes: -1
2025/02/17-10:43:27.954954 4fe4 Options.daily_offpeak_time_utc: 
2025/02/17-10:43:27.954969 4fe4 Compression algorithms supported:
2025/02/17-10:43:27.954973 4fe4 	kZSTD supported: 0
2025/02/17-10:43:27.954976 4fe4 	kSnappyCompression supported: 0
2025/02/17-10:43:27.954979 4fe4 	kBZip2Compression supported: 0
2025/02/17-10:43:27.954982 4fe4 	kZlibCompression supported: 0
2025/02/17-10:43:27.954985 4fe4 	kLZ4Compression supported: 1
2025/02/17-10:43:27.954989 4fe4 	kXpressCompression supported: 0
2025/02/17-10:43:27.954992 4fe4 	kLZ4HCCompression supported: 1
2025/02/17-10:43:27.954995 4fe4 	kZSTDNotFinalCompression supported: 0
2025/02/17-10:43:27.954999 4fe4 Fast CRC32 supported: Not supported on x86
2025/02/17-10:43:27.955002 4fe4 DMutex implementation: std::mutex
2025/02/17-10:43:27.955005 4fe4 Jemalloc supported: 0
2025/02/17-10:43:27.977920 4fe4               Options.comparator: leveldb.BytewiseComparator
2025/02/17-10:43:27.977971 4fe4           Options.merge_operator: None
2025/02/17-10:43:27.977977 4fe4        Options.compaction_filter: None
2025/02/17-10:43:27.977982 4fe4        Options.compaction_filter_factory: None
2025/02/17-10:43:27.977988 4fe4  Options.sst_partitioner_factory: None
2025/02/17-10:43:27.977993 4fe4         Options.memtable_factory: SkipListFactory
2025/02/17-10:43:27.977999 4fe4            Options.table_factory: BlockBasedTable
2025/02/17-10:43:27.978049 4fe4            table_factory options:   flush_block_policy_factory: FlushBlockBySizePolicyFactory (0000020A7FD84720)
  cache_index_and_filter_blocks: 0
  cache_index_and_filter_blocks_with_high_priority: 1
  pin_l0_filter_and_index_blocks_in_cache: 0
  pin_top_level_index_and_filter: 1
  index_type: 0
  data_block_index_type: 0
  index_shortening: 1
  data_block_hash_table_util_ratio: 0.750000
  checksum: 4
  no_block_cache: 0
  block_cache: 0000020A7FD2DCC0
  block_cache_name: LRUCache
  block_cache_options:
    capacity : 33554432
    num_shard_bits : 6
    strict_capacity_limit : 0
    memory_allocator : None
    high_pri_pool_ratio: 0.500
    low_pri_pool_ratio: 0.000
  persistent_cache: 0000000000000000
  block_size: 4096
  block_size_deviation: 10
  block_restart_interval: 16
  index_block_restart_interval: 16
  metadata_block_size: 4096
  partition_filters: 0
  use_delta_encoding: 1
  filter_policy: nullptr
  whole_key_filtering: 1
  verify_compression: 0
  read_amp_bytes_per_bit: 0
  format_version: 5
  enable_index_compression: 1
  block_align: 0
  max_auto_readahead_size: 262144
  prepopulate_block_cache: 0
  initial_auto_readahead_size: 8192
  num_file_reads_for_auto_readahead: 2
2025/02/17-10:43:27.978057 4fe4        Options.write_buffer_size: 134217728
2025/02/17-10:43:27.978062 4fe4  Options.max_write_buffer_number: 6
2025/02/17-10:43:27.978067 4fe4        Options.compression[0]: NoCompression
2025/02/17-10:43:27.978073 4fe4        Options.compression[1]: NoCompression
2025/02/17-10:43:27.978077 4fe4        Options.compression[2]: LZ4
2025/02/17-10:43:27.978083 4fe4        Options.compression[3]: LZ4
2025/02/17-10:43:27.978087 4fe4        Options.compression[4]: LZ4
2025/02/17-10:43:27.978092 4fe4        Options.compression[5]: LZ4
2025/02/17-10:43:27.978097 4fe4        Options.compression[6]: LZ4
2025/02/17-10:43:27.978101 4fe4                  Options.bottommost_compression: Disabled
2025/02/17-10:43:27.978106 4fe4       Options.prefix_extractor: nullptr
2025/02/17-10:43:27.978111 4fe4   Options.memtable_insert_with_hint_prefix_extractor: nullptr
2025/02/17-10:43:27.978117 4fe4             Options.num_levels: 7
2025/02/17-10:43:27.978122 4fe4        Options.min_write_buffer_number_to_merge: 2
2025/02/17-10:43:27.978127 4fe4     Options.max_write_buffer_number_to_maintain: 0
2025/02/17-10:43:27.978133 4fe4     Options.max_write_buffer_size_to_maintain: 805306368
2025/02/17-10:43:27.978138 4fe4            Options.bottommost_compression_opts.window_bits: -14
2025/02/17-10:43:27.978144 4fe4                  Options.bottommost_compression_opts.level: 32767
2025/02/17-10:43:27.978155 4fe4               Options.bottommost_compression_opts.strategy: 0
2025/02/17-10:43:27.978188 4fe4         Options.bottommost_compression_opts.max_dict_bytes: 0
2025/02/17-10:43:27.978209 4fe4         Options.bottommost_compression_opts.zstd_max_train_bytes: 0
2025/02/17-10:43:27.978214 4fe4         Options.bottommost_compression_opts.parallel_threads: 1
2025/02/17-10:43:27.978220 4fe4                  Options.bottommost_compression_opts.enabled: false
2025/02/17-10:43:27.978227 4fe4         Options.bottommost_compression_opts.max_dict_buffer_bytes: 0
2025/02/17-10:43:27.978233 4fe4         Options.bottommost_compression_opts.use_zstd_dict_trainer: true
2025/02/17-10:43:27.978237 4fe4            Options.compression_opts.window_bits: -14
2025/02/17-10:43:27.978242 4fe4                  Options.compression_opts.level: 32767
2025/02/17-10:43:27.978248 4fe4               Options.compression_opts.strategy: 0
2025/02/17-10:43:27.978252 4fe4         Options.compression_opts.max_dict_bytes: 0
2025/02/17-10:43:27.978257 4fe4         Options.compression_opts.zstd_max_train_bytes: 0
2025/02/17-10:43:27.978262 4fe4         Options.compression_opts.use_zstd_dict_trainer: true
2025/02/17-10:43:27.978267 4fe4         Options.compression_opts.parallel_threads: 1
2025/02/17-10:43:27.978271 4fe4                  Options.compression_opts.enabled: false
2025/02/17-10:43:27.978277 4fe4         Options.compression_opts.max_dict_buffer_bytes: 0
2025/02/17-10:43:27.978281 4fe4      Options.level0_file_num_compaction_trigger: 2
2025/02/17-10:43:27.978287 4fe4          Options.level0_slowdown_writes_trigger: 20
2025/02/17-10:43:27.978292 4fe4              Options.level0_stop_writes_trigger: 36
2025/02/17-10:43:27.978297 4fe4                   Options.target_file_size_base: 67108864
2025/02/17-10:43:27.978302 4fe4             Options.target_file_size_multiplier: 1
2025/02/17-10:43:27.978307 4fe4                Options.max_bytes_for_level_base: 536870912
2025/02/17-10:43:27.978312 4fe4 Options.level_compaction_dynamic_level_bytes: 1
2025/02/17-10:43:27.978317 4fe4          Options.max_bytes_for_level_multiplier: 10.000000
2025/02/17-10:43:27.978323 4fe4 Options.max_bytes_for_level_multiplier_addtl[0]: 1
2025/02/17-10:43:27.978327 4fe4 Options.max_bytes_for_level_multiplier_addtl[1]: 1
2025/02/17-10:43:27.978332 4fe4 Options.max_bytes_for_level_multiplier_addtl[2]: 1
2025/02/17-10:43:27.978337 4fe4 Options.max_bytes_for_level_multiplier_addtl[3]: 1
2025/02/17-10:43:27.978342 4fe4 Options.max_bytes_for_level_multiplier_addtl[4]: 1
2025/02/17-10:43:27.978347 4fe4 Options.max_bytes_for_level_multiplier_addtl[5]: 1
2025/02/17-10:43:27.978351 4fe4 Options.max_bytes_for_level_multiplier_addtl[6]: 1
2025/02/17-10:43:27.978358 4fe4       Options.max_sequential_skip_in_iterations: 8
2025/02/17-10:43:27.978362 4fe4                    Options.max_compaction_bytes: 1677721600
2025/02/17-10:43:27.978367 4fe4                        Options.arena_block_size: 1048576
2025/02/17-10:43:27.978372 4fe4   Options.soft_pending_compaction_bytes_limit: 68719476736
2025/02/17-10:43:27.978377 4fe4   Options.hard_pending_compaction_bytes_limit: 274877906944
2025/02/17-10:43:27.978382 4fe4                Options.disable_auto_compactions: 1
2025/02/17-10:43:27.978387 4fe4                        Options.compaction_style: kCompactionStyleLevel
2025/02/17-10:43:27.978393 4fe4                          Options.compaction_pri: kMinOverlappingRatio
2025/02/17-10:43:27.978398 4fe4 Options.compaction_options_universal.size_ratio: 1
2025/02/17-10:43:27.978403 4fe4 Options.compaction_options_universal.min_merge_width: 2
2025/02/17-10:43:27.978407 4fe4 Options.compaction_options_universal.max_merge_width: 4294967295
2025/02/17-10:43:27.978412 4fe4 Options.compaction_options_universal.max_size_amplification_percent: 200
2025/02/17-10:43:27.978417 4fe4 Options.compaction_options_universal.compression_size_percent: -1
2025/02/17-10:43:27.978422 4fe4 Options.compaction_options_universal.stop_style: kCompactionStopStyleTotalSize
2025/02/17-10:43:27.978427 4fe4 Options.compaction_options_universal.max_read_amp: -1
2025/02/17-10:43:27.978432 4fe4 Options.compaction_options_fifo.max_table_files_size: 1073741824
2025/02/17-10:43:27.978498 4fe4 Options.compaction_options_fifo.allow_compaction: 0
2025/02/17-10:43:27.978506 4fe4                   Options.table_properties_collectors: 
2025/02/17-10:43:27.978511 4fe4                   Options.inplace_update_support: 0
2025/02/17-10:43:27.978515 4fe4                 Options.inplace_update_num_locks: 10000
2025/02/17-10:43:27.978520 4fe4               Options.memtable_prefix_bloom_size_ratio: 0.000000
2025/02/17-10:43:27.978528 4fe4               Options.memtable_whole_key_filtering: 0
2025/02/17-10:43:27.978542 4fe4   Options.memtable_huge_page_size: 0
2025/02/17-10:43:27.978546 4fe4                           Options.bloom_locality: 0
2025/02/17-10:43:27.978551 4fe4                    Options.max_successive_merges: 0
2025/02/17-10:43:27.978559 4fe4             Options.strict_max_successive_merges: 0
2025/02/17-10:43:27.978563 4fe4                Options.optimize_filters_for_hits: 0
2025/02/17-10:43:27.978570 4fe4                Options.paranoid_file_checks: 0
2025/02/17-10:43:27.978574 4fe4                Options.force_consistency_checks: 1
2025/02/17-10:43:27.978579 4fe4                Options.report_bg_io_stats: 0
2025/02/17-10:43:27.978584 4fe4                               Options.ttl: 2592000
2025/02/17-10:43:27.978588 4fe4          Options.periodic_compaction_seconds: 0
2025/02/17-10:43:27.978593 4fe4                        Options.default_temperature: kUnknown
2025/02/17-10:43:27.978598 4fe4  Options.preclude_last_level_data_seconds: 0
2025/02/17-10:43:27.978602 4fe4    Options.preserve_internal_time_seconds: 0
2025/02/17-10:43:27.978607 4fe4                       Options.enable_blob_files: false
2025/02/17-10:43:27.978612 4fe4                           Options.min_blob_size: 0
2025/02/17-10:43:27.978616 4fe4                          Options.blob_file_size: 268435456
2025/02/17-10:43:27.978621 4fe4                   Options.blob_compression_type: NoCompression
2025/02/17-10:43:27.978626 4fe4          Options.enable_blob_garbage_collection: false
2025/02/17-10:43:27.978631 4fe4      Options.blob_garbage_collection_age_cutoff: 0.250000
2025/02/17-10:43:27.978636 4fe4 Options.blob_garbage_collection_force_threshold: 1.000000
2025/02/17-10:43:27.978641 4fe4          Options.blob_compaction_readahead_size: 0
2025/02/17-10:43:27.978646 4fe4                Options.blob_file_starting_level: 0
2025/02/17-10:43:27.978650 4fe4         Options.experimental_mempurge_threshold: 0.000000
2025/02/17-10:43:27.978655 4fe4            Options.memtable_max_range_deletions: 0
2025/02/17-10:43:27.978869 4fe4               Options.comparator: leveldb.BytewiseComparator
2025/02/17-10:43:27.978876 4fe4           Options.merge_operator: None
2025/02/17-10:43:27.978881 4fe4        Options.compaction_filter: None
2025/02/17-10:43:27.978886 4fe4        Options.compaction_filter_factory: None
2025/02/17-10:43:27.978905 4fe4  Options.sst_partitioner_factory: None
2025/02/17-10:43:27.978909 4fe4         Options.memtable_factory: SkipListFactory
2025/02/17-10:43:27.978914 4fe4            Options.table_factory: BlockBasedTable
2025/02/17-10:43:27.978948 4fe4            table_factory options:   flush_block_policy_factory: FlushBlockBySizePolicyFactory (0000020A7FE1E8F0)
  cache_index_and_filter_blocks: 0
  cache_index_and_filter_blocks_with_high_priority: 1
  pin_l0_filter_and_index_blocks_in_cache: 0
  pin_top_level_index_and_filter: 1
  index_type: 0
  data_block_index_type: 1
  index_shortening: 1
  data_block_hash_table_util_ratio: 0.750000
  checksum: 4
  no_block_cache: 0
  block_cache: 0000020A7FD2EDC0
  block_cache_name: LRUCache
  block_cache_options:
    capacity : 134217728
    num_shard_bits : 6
    strict_capacity_limit : 0
    memory_allocator : None
    high_pri_pool_ratio: 0.500
    low_pri_pool_ratio: 0.000
  persistent_cache: 0000000000000000
  block_size: 4096
  block_size_deviation: 10
  block_restart_interval: 16
  index_block_restart_interval: 1
  metadata_block_size: 4096
  partition_filters: 0
  use_delta_encoding: 1
  filter_policy: bloomfilter
  whole_key_filtering: 1
  verify_compression: 0
  read_amp_bytes_per_bit: 0
  format_version: 6
  enable_index_compression: 1
  block_align: 0
  max_auto_readahead_size: 262144
  prepopulate_block_cache: 0
  initial_auto_readahead_size: 8192
  num_file_reads_for_auto_readahead: 2
2025/02/17-10:43:27.978957 4fe4        Options.write_buffer_size: 134217728
2025/02/17-10:43:27.978962 4fe4  Options.max_write_buffer_number: 6
2025/02/17-10:43:27.978967 4fe4        Options.compression[0]: NoCompression
2025/02/17-10:43:27.978971 4fe4        Options.compression[1]: NoCompression
2025/02/17-10:43:27.978975 4fe4        Options.compression[2]: LZ4
2025/02/17-10:43:27.978980 4fe4        Options.compression[3]: LZ4
2025/02/17-10:43:27.978984 4fe4        Options.compression[4]: LZ4
2025/02/17-10:43:27.978990 4fe4        Options.compression[5]: LZ4
2025/02/17-10:43:27.979001 4fe4        Options.compression[6]: LZ4
2025/02/17-10:43:27.979005 4fe4                  Options.bottommost_compression: Disabled
2025/02/17-10:43:27.979010 4fe4       Options.prefix_extractor: nullptr
2025/02/17-10:43:27.979014 4fe4   Options.memtable_insert_with_hint_prefix_extractor: nullptr
2025/02/17-10:43:27.979019 4fe4             Options.num_levels: 7
2025/02/17-10:43:27.979034 4fe4        Options.min_write_buffer_number_to_merge: 2
2025/02/17-10:43:27.979038 4fe4     Options.max_write_buffer_number_to_maintain: 0
2025/02/17-10:43:27.979051 4fe4     Options.max_write_buffer_size_to_maintain: 805306368
2025/02/17-10:43:27.979056 4fe4            Options.bottommost_compression_opts.window_bits: -14
2025/02/17-10:43:27.979061 4fe4                  Options.bottommost_compression_opts.level: 32767
2025/02/17-10:43:27.979068 4fe4               Options.bottommost_compression_opts.strategy: 0
2025/02/17-10:43:27.979073 4fe4         Options.bottommost_compression_opts.max_dict_bytes: 0
2025/02/17-10:43:27.979078 4fe4         Options.bottommost_compression_opts.zstd_max_train_bytes: 0
2025/02/17-10:43:27.979082 4fe4         Options.bottommost_compression_opts.parallel_threads: 1
2025/02/17-10:43:27.979087 4fe4                  Options.bottommost_compression_opts.enabled: false
2025/02/17-10:43:27.979092 4fe4         Options.bottommost_compression_opts.max_dict_buffer_bytes: 0
2025/02/17-10:43:27.979097 4fe4         Options.bottommost_compression_opts.use_zstd_dict_trainer: true
2025/02/17-10:43:27.979101 4fe4            Options.compression_opts.window_bits: -14
2025/02/17-10:43:27.979106 4fe4                  Options.compression_opts.level: 32767
2025/02/17-10:43:27.979110 4fe4               Options.compression_opts.strategy: 0
2025/02/17-10:43:27.979115 4fe4         Options.compression_opts.max_dict_bytes: 0
2025/02/17-10:43:27.979119 4fe4         Options.compression_opts.zstd_max_train_bytes: 0
2025/02/17-10:43:27.979124 4fe4         Options.compression_opts.use_zstd_dict_trainer: true
2025/02/17-10:43:27.979129 4fe4         Options.compression_opts.parallel_threads: 1
2025/02/17-10:43:27.979133 4fe4                  Options.compression_opts.enabled: false
2025/02/17-10:43:27.979138 4fe4         Options.compression_opts.max_dict_buffer_bytes: 0
2025/02/17-10:43:27.979142 4fe4      Options.level0_file_num_compaction_trigger: 2
2025/02/17-10:43:27.979147 4fe4          Options.level0_slowdown_writes_trigger: 20
2025/02/17-10:43:27.979151 4fe4              Options.level0_stop_writes_trigger: 36
2025/02/17-10:43:27.979156 4fe4                   Options.target_file_size_base: 67108864
2025/02/17-10:43:27.979160 4fe4             Options.target_file_size_multiplier: 1
2025/02/17-10:43:27.979165 4fe4                Options.max_bytes_for_level_base: 536870912
2025/02/17-10:43:27.979170 4fe4 Options.level_compaction_dynamic_level_bytes: 1
2025/02/17-10:43:27.979175 4fe4          Options.max_bytes_for_level_multiplier: 10.000000
2025/02/17-10:43:27.979180 4fe4 Options.max_bytes_for_level_multiplier_addtl[0]: 1
2025/02/17-10:43:27.979185 4fe4 Options.max_bytes_for_level_multiplier_addtl[1]: 1
2025/02/17-10:43:27.979191 4fe4 Options.max_bytes_for_level_multiplier_addtl[2]: 1
2025/02/17-10:43:27.979196 4fe4 Options.max_bytes_for_level_multiplier_addtl[3]: 1
2025/02/17-10:43:27.979201 4fe4 Options.max_bytes_for_level_multiplier_addtl[4]: 1
2025/02/17-10:43:27.979206 4fe4 Options.max_bytes_for_level_multiplier_addtl[5]: 1
2025/02/17-10:43:27.979210 4fe4 Options.max_bytes_for_level_multiplier_addtl[6]: 1
2025/02/17-10:43:27.979214 4fe4       Options.max_sequential_skip_in_iterations: 8
2025/02/17-10:43:27.979218 4fe4                    Options.max_compaction_bytes: 1677721600
2025/02/17-10:43:27.979223 4fe4                        Options.arena_block_size: 1048576
2025/02/17-10:43:27.979228 4fe4   Options.soft_pending_compaction_bytes_limit: 68719476736
2025/02/17-10:43:27.979232 4fe4   Options.hard_pending_compaction_bytes_limit: 274877906944
2025/02/17-10:43:27.979236 4fe4                Options.disable_auto_compactions: 1
2025/02/17-10:43:27.979241 4fe4                        Options.compaction_style: kCompactionStyleLevel
2025/02/17-10:43:27.979246 4fe4                          Options.compaction_pri: kMinOverlappingRatio
2025/02/17-10:43:27.979251 4fe4 Options.compaction_options_universal.size_ratio: 1
2025/02/17-10:43:27.979255 4fe4 Options.compaction_options_universal.min_merge_width: 2
2025/02/17-10:43:27.979259 4fe4 Options.compaction_options_universal.max_merge_width: 4294967295
2025/02/17-10:43:27.979264 4fe4 Options.compaction_options_universal.max_size_amplification_percent: 200
2025/02/17-10:43:27.979268 4fe4 Options.compaction_options_universal.compression_size_percent: -1
2025/02/17-10:43:27.979273 4fe4 Options.compaction_options_universal.stop_style: kCompactionStopStyleTotalSize
2025/02/17-10:43:27.979277 4fe4 Options.compaction_options_universal.max_read_amp: -1
2025/02/17-10:43:27.979282 4fe4 Options.compaction_options_fifo.max_table_files_size: 1073741824
2025/02/17-10:43:27.979286 4fe4 Options.compaction_options_fifo.allow_compaction: 0
2025/02/17-10:43:27.979291 4fe4                   Options.table_properties_collectors: 
2025/02/17-10:43:27.979296 4fe4                   Options.inplace_update_support: 0
2025/02/17-10:43:27.979301 4fe4                 Options.inplace_update_num_locks: 10000
2025/02/17-10:43:27.979306 4fe4               Options.memtable_prefix_bloom_size_ratio: 0.020000
2025/02/17-10:43:27.979311 4fe4               Options.memtable_whole_key_filtering: 1
2025/02/17-10:43:27.979315 4fe4   Options.memtable_huge_page_size: 0
2025/02/17-10:43:27.979319 4fe4                           Options.bloom_locality: 0
2025/02/17-10:43:27.979324 4fe4                    Options.max_successive_merges: 0
2025/02/17-10:43:27.979328 4fe4             Options.strict_max_successive_merges: 0
2025/02/17-10:43:27.979332 4fe4                Options.optimize_filters_for_hits: 0
2025/02/17-10:43:27.979337 4fe4                Options.paranoid_file_checks: 0
2025/02/17-10:43:27.979341 4fe4                Options.force_consistency_checks: 1
2025/02/17-10:43:27.979345 4fe4                Options.report_bg_io_stats: 0
2025/02/17-10:43:27.979349 4fe4                               Options.ttl: 2592000
2025/02/17-10:43:27.979353 4fe4          Options.periodic_compaction_seconds: 0
2025/02/17-10:43:27.979358 4fe4                        Options.default_temperature: kUnknown
2025/02/17-10:43:27.979362 4fe4  Options.preclude_last_level_data_seconds: 0
2025/02/17-10:43:27.979367 4fe4    Options.preserve_internal_time_seconds: 0
2025/02/17-10:43:27.979371 4fe4                       Options.enable_blob_files: false
2025/02/17-10:43:27.979375 4fe4                           Options.min_blob_size: 0
2025/02/17-10:43:27.979379 4fe4                          Options.blob_file_size: 268435456
2025/02/17-10:43:27.979384 4fe4                   Options.blob_compression_type: NoCompression
2025/02/17-10:43:27.979388 4fe4          Options.enable_blob_garbage_collection: false
2025/02/17-10:43:27.979393 4fe4      Options.blob_garbage_collection_age_cutoff: 0.250000
2025/02/17-10:43:27.979397 4fe4 Options.blob_garbage_collection_force_threshold: 1.000000
2025/02/17-10:43:27.979402 4fe4          Options.blob_compaction_readahead_size: 0
2025/02/17-10:43:27.979408 4fe4                Options.blob_file_starting_level: 0
2025/02/17-10:43:27.979413 4fe4         Options.experimental_mempurge_threshold: 0.000000
2025/02/17-10:43:27.979417 4fe4            Options.memtable_max_range_deletions: 0
2025/02/17-10:43:27.980334 4fe4               Options.comparator: leveldb.BytewiseComparator
2025/02/17-10:43:27.980349 4fe4           Options.merge_operator: None
2025/02/17-10:43:27.980353 4fe4        Options.compaction_filter: None
2025/02/17-10:43:27.980357 4fe4        Options.compaction_filter_factory: None
2025/02/17-10:43:27.980362 4fe4  Options.sst_partitioner_factory: None
2025/02/17-10:43:27.980366 4fe4         Options.memtable_factory: SkipListFactory
2025/02/17-10:43:27.980371 4fe4            Options.table_factory: BlockBasedTable
2025/02/17-10:43:27.980398 4fe4            table_factory options:   flush_block_policy_factory: FlushBlockBySizePolicyFactory (0000020A7FD84720)
  cache_index_and_filter_blocks: 0
  cache_index_and_filter_blocks_with_high_priority: 1
  pin_l0_filter_and_index_blocks_in_cache: 0
  pin_top_level_index_and_filter: 1
  index_type: 0
  data_block_index_type: 0
  index_shortening: 1
  data_block_hash_table_util_ratio: 0.750000
  checksum: 4
  no_block_cache: 0
  block_cache: 0000020A7FD2DCC0
  block_cache_name: LRUCache
  block_cache_options:
    capacity : 33554432
    num_shard_bits : 6
    strict_capacity_limit : 0
    memory_allocator : None
    high_pri_pool_ratio: 0.500
    low_pri_pool_ratio: 0.000
  persistent_cache: 0000000000000000
  block_size: 4096
  block_size_deviation: 10
  block_restart_interval: 16
  index_block_restart_interval: 16
  metadata_block_size: 4096
  partition_filters: 0
  use_delta_encoding: 1
  filter_policy: nullptr
  whole_key_filtering: 1
  verify_compression: 0
  read_amp_bytes_per_bit: 0
  format_version: 5
  enable_index_compression: 1
  block_align: 0
  max_auto_readahead_size: 262144
  prepopulate_block_cache: 0
  initial_auto_readahead_size: 8192
  num_file_reads_for_auto_readahead: 2
2025/02/17-10:43:27.980405 4fe4        Options.write_buffer_size: 134217728
2025/02/17-10:43:27.980409 4fe4  Options.max_write_buffer_number: 6
2025/02/17-10:43:27.980413 4fe4        Options.compression[0]: NoCompression
2025/02/17-10:43:27.980417 4fe4        Options.compression[1]: NoCompression
2025/02/17-10:43:27.980421 4fe4        Options.compression[2]: LZ4
2025/02/17-10:43:27.980425 4fe4        Options.compression[3]: LZ4
2025/02/17-10:43:27.980430 4fe4        Options.compression[4]: LZ4
2025/02/17-10:43:27.980434 4fe4        Options.compression[5]: LZ4
2025/02/17-10:43:27.980438 4fe4        Options.compression[6]: LZ4
2025/02/17-10:43:27.980442 4fe4                  Options.bottommost_compression: Disabled
2025/02/17-10:43:27.980447 4fe4       Options.prefix_extractor: rocksdb.FixedPrefix
2025/02/17-10:43:27.980452 4fe4   Options.memtable_insert_with_hint_prefix_extractor: nullptr
2025/02/17-10:43:27.980456 4fe4             Options.num_levels: 7
2025/02/17-10:43:27.980460 4fe4        Options.min_write_buffer_number_to_merge: 2
2025/02/17-10:43:27.980464 4fe4     Options.max_write_buffer_number_to_maintain: 0
2025/02/17-10:43:27.980468 4fe4     Options.max_write_buffer_size_to_maintain: 805306368
2025/02/17-10:43:27.980473 4fe4            Options.bottommost_compression_opts.window_bits: -14
2025/02/17-10:43:27.980477 4fe4                  Options.bottommost_compression_opts.level: 32767
2025/02/17-10:43:27.980481 4fe4               Options.bottommost_compression_opts.strategy: 0
2025/02/17-10:43:27.980486 4fe4         Options.bottommost_compression_opts.max_dict_bytes: 0
2025/02/17-10:43:27.980491 4fe4         Options.bottommost_compression_opts.zstd_max_train_bytes: 0
2025/02/17-10:43:27.980495 4fe4         Options.bottommost_compression_opts.parallel_threads: 1
2025/02/17-10:43:27.980500 4fe4                  Options.bottommost_compression_opts.enabled: false
2025/02/17-10:43:27.980504 4fe4         Options.bottommost_compression_opts.max_dict_buffer_bytes: 0
2025/02/17-10:43:27.980508 4fe4         Options.bottommost_compression_opts.use_zstd_dict_trainer: true
2025/02/17-10:43:27.980555 4fe4            Options.compression_opts.window_bits: -14
2025/02/17-10:43:27.980561 4fe4                  Options.compression_opts.level: 32767
2025/02/17-10:43:27.980568 4fe4               Options.compression_opts.strategy: 0
2025/02/17-10:43:27.980573 4fe4         Options.compression_opts.max_dict_bytes: 0
2025/02/17-10:43:27.980577 4fe4         Options.compression_opts.zstd_max_train_bytes: 0
2025/02/17-10:43:27.980581 4fe4         Options.compression_opts.use_zstd_dict_trainer: true
2025/02/17-10:43:27.980586 4fe4         Options.compression_opts.parallel_threads: 1
2025/02/17-10:43:27.980590 4fe4                  Options.compression_opts.enabled: false
2025/02/17-10:43:27.980595 4fe4         Options.compression_opts.max_dict_buffer_bytes: 0
2025/02/17-10:43:27.980599 4fe4      Options.level0_file_num_compaction_trigger: 2
2025/02/17-10:43:27.980603 4fe4          Options.level0_slowdown_writes_trigger: 20
2025/02/17-10:43:27.980608 4fe4              Options.level0_stop_writes_trigger: 36
2025/02/17-10:43:27.980613 4fe4                   Options.target_file_size_base: 67108864
2025/02/17-10:43:27.980618 4fe4             Options.target_file_size_multiplier: 1
2025/02/17-10:43:27.980622 4fe4                Options.max_bytes_for_level_base: 536870912
2025/02/17-10:43:27.980626 4fe4 Options.level_compaction_dynamic_level_bytes: 1
2025/02/17-10:43:27.980632 4fe4          Options.max_bytes_for_level_multiplier: 10.000000
2025/02/17-10:43:27.980636 4fe4 Options.max_bytes_for_level_multiplier_addtl[0]: 1
2025/02/17-10:43:27.980641 4fe4 Options.max_bytes_for_level_multiplier_addtl[1]: 1
2025/02/17-10:43:27.980646 4fe4 Options.max_bytes_for_level_multiplier_addtl[2]: 1
2025/02/17-10:43:27.980650 4fe4 Options.max_bytes_for_level_multiplier_addtl[3]: 1
2025/02/17-10:43:27.980654 4fe4 Options.max_bytes_for_level_multiplier_addtl[4]: 1
2025/02/17-10:43:27.980658 4fe4 Options.max_bytes_for_level_multiplier_addtl[5]: 1
2025/02/17-10:43:27.980663 4fe4 Options.max_bytes_for_level_multiplier_addtl[6]: 1
2025/02/17-10:43:27.980667 4fe4       Options.max_sequential_skip_in_iterations: 8
2025/02/17-10:43:27.980672 4fe4                    Options.max_compaction_bytes: 1677721600
2025/02/17-10:43:27.980676 4fe4                        Options.arena_block_size: 1048576
2025/02/17-10:43:27.980680 4fe4   Options.soft_pending_compaction_bytes_limit: 68719476736
2025/02/17-10:43:27.980684 4fe4   Options.hard_pending_compaction_bytes_limit: 274877906944
2025/02/17-10:43:27.980689 4fe4                Options.disable_auto_compactions: 1
2025/02/17-10:43:27.980694 4fe4                        Options.compaction_style: kCompactionStyleLevel
2025/02/17-10:43:27.980699 4fe4                          Options.compaction_pri: kMinOverlappingRatio
2025/02/17-10:43:27.980704 4fe4 Options.compaction_options_universal.size_ratio: 1
2025/02/17-10:43:27.980708 4fe4 Options.compaction_options_universal.min_merge_width: 2
2025/02/17-10:43:27.980712 4fe4 Options.compaction_options_universal.max_merge_width: 4294967295
2025/02/17-10:43:27.980717 4fe4 Options.compaction_options_universal.max_size_amplification_percent: 200
2025/02/17-10:43:27.980721 4fe4 Options.compaction_options_universal.compression_size_percent: -1
2025/02/17-10:43:27.980726 4fe4 Options.compaction_options_universal.stop_style: kCompactionStopStyleTotalSize
2025/02/17-10:43:27.980730 4fe4 Options.compaction_options_universal.max_read_amp: -1
2025/02/17-10:43:27.980735 4fe4 Options.compaction_options_fifo.max_table_files_size: 1073741824
2025/02/17-10:43:27.980739 4fe4 Options.compaction_options_fifo.allow_compaction: 0
2025/02/17-10:43:27.980745 4fe4                   Options.table_properties_collectors: 
2025/02/17-10:43:27.980749 4fe4                   Options.inplace_update_support: 0
2025/02/17-10:43:27.980754 4fe4                 Options.inplace_update_num_locks: 10000
2025/02/17-10:43:27.980758 4fe4               Options.memtable_prefix_bloom_size_ratio: 0.000000
2025/02/17-10:43:27.980762 4fe4               Options.memtable_whole_key_filtering: 0
2025/02/17-10:43:27.980768 4fe4   Options.memtable_huge_page_size: 0
2025/02/17-10:43:27.980773 4fe4                           Options.bloom_locality: 0
2025/02/17-10:43:27.980777 4fe4                    Options.max_successive_merges: 0
2025/02/17-10:43:27.980781 4fe4             Options.strict_max_successive_merges: 0
2025/02/17-10:43:27.980785 4fe4                Options.optimize_filters_for_hits: 0
2025/02/17-10:43:27.980790 4fe4                Options.paranoid_file_checks: 0
2025/02/17-10:43:27.980794 4fe4                Options.force_consistency_checks: 1
2025/02/17-10:43:27.980798 4fe4                Options.report_bg_io_stats: 0
2025/02/17-10:43:27.980802 4fe4                               Options.ttl: 2592000
2025/02/17-10:43:27.980806 4fe4          Options.periodic_compaction_seconds: 0
2025/02/17-10:43:27.980811 4fe4                        Options.default_temperature: kUnknown
2025/02/17-10:43:27.980815 4fe4  Options.preclude_last_level_data_seconds: 0
2025/02/17-10:43:27.980819 4fe4    Options.preserve_internal_time_seconds: 0
2025/02/17-10:43:27.980824 4fe4                       Options.enable_blob_files: false
2025/02/17-10:43:27.980828 4fe4                           Options.min_blob_size: 0
2025/02/17-10:43:27.980832 4fe4                          Options.blob_file_size: 268435456
2025/02/17-10:43:27.980836 4fe4                   Options.blob_compression_type: NoCompression
2025/02/17-10:43:27.980840 4fe4          Options.enable_blob_garbage_collection: false
2025/02/17-10:43:27.980845 4fe4      Options.blob_garbage_collection_age_cutoff: 0.250000
2025/02/17-10:43:27.980850 4fe4 Options.blob_garbage_collection_force_threshold: 1.000000
2025/02/17-10:43:27.980854 4fe4          Options.blob_compaction_readahead_size: 0
2025/02/17-10:43:27.980859 4fe4                Options.blob_file_starting_level: 0
2025/02/17-10:43:27.980863 4fe4         Options.experimental_mempurge_threshold: 0.000000
2025/02/17-10:43:27.980868 4fe4            Options.memtable_max_range_deletions: 0
2025/02/17-10:43:27.980940 4fe4               Options.comparator: leveldb.BytewiseComparator
2025/02/17-10:43:27.980945 4fe4           Options.merge_operator: None
2025/02/17-10:43:27.980949 4fe4        Options.compaction_filter: None
2025/02/17-10:43:27.980953 4fe4        Options.compaction_filter_factory: None
2025/02/17-10:43:27.980957 4fe4  Options.sst_partitioner_factory: None
2025/02/17-10:43:27.980962 4fe4         Options.memtable_factory: SkipListFactory
2025/02/17-10:43:27.980966 4fe4            Options.table_factory: BlockBasedTable
2025/02/17-10:43:27.980991 4fe4            table_factory options:   flush_block_policy_factory: FlushBlockBySizePolicyFactory (0000020A7FD84720)
  cache_index_and_filter_blocks: 0
  cache_index_and_filter_blocks_with_high_priority: 1
  pin_l0_filter_and_index_blocks_in_cache: 0
  pin_top_level_index_and_filter: 1
  index_type: 0
  data_block_index_type: 0
  index_shortening: 1
  data_block_hash_table_util_ratio: 0.750000
  checksum: 4
  no_block_cache: 0
  block_cache: 0000020A7FD2DCC0
